%YAML:1.0
---
mtx: !!opencv-matrix
   rows: 3
   cols: 3
   dt: d
   data: [ 1.7128608688209874e+03, 0., 3.3664254885258964e+02, 0.,
       1.7153886944990363e+03, 2.4909409540483043e+02, 0., 0., 1. ]
dist: !!opencv-matrix
   rows: 1
   cols: 5
   dt: d
   data: [ -4.8709557054990121e-01, -6.1871477548524323e-01,
       8.5277201062884439e-04, -3.7221779127174923e-04,
       2.3988619508412786e+01 ]
