%YAML:1.0
---
mtx: !!opencv-matrix
   rows: 3
   cols: 3
   dt: d
   data: [ 1.7145338377638141e+03, 0., 3.1501279886921213e+02, 0.,
       1.7190577248039097e+03, 2.2823989552669624e+02, 0., 0., 1. ]
dist: !!opencv-matrix
   rows: 1
   cols: 5
   dt: d
   data: [ -5.6162841376328232e-01, 4.4759552571375769e+00,
       3.3867529508173505e-03, 4.2346987520892844e-03,
       -8.6495823261029713e+01 ]
