%YAML:1.0
---
R: !!opencv-matrix
   rows: 3
   cols: 3
   dt: d
   data: [ 9.9994758046858878e-01, 4.6485838424894669e-04,
       1.0228402695326041e-02, -5.8833196121868417e-04,
       9.9992695836534873e-01, 1.2071942665764647e-02,
       -1.0222043852310951e-02, -1.2077327556404758e-02,
       9.9987481615379070e-01 ]
T: !!opencv-matrix
   rows: 3
   cols: 1
   dt: d
   data: [ -2.0278139306049997e+01, -9.5315897442070988e-02,
       1.1857498944084482e-01 ]
E: !!opencv-matrix
   rows: 3
   cols: 3
   dt: d
   data: [ 1.0440847395644399e-03, -1.1741516721504673e-01,
       -9.6735395905547833e-02, -8.8715255434252183e-02,
       -2.4485061005556830e-01, 2.0276813643319290e+01,
       1.0724117849518512e-01, -2.0276613849213319e+01,
       -2.4382160568872019e-01 ]
F: !!opencv-matrix
   rows: 3
   cols: 3
   dt: d
   data: [ -7.0837897319720248e-08, 7.9545141493743820e-06,
       9.2842649260774148e-03, 6.0032139452524459e-06,
       1.6544218173743038e-05, -2.3563554763290613e+00,
       -1.3822771840073579e-02, 2.3489352923031492e+00, 1. ]
